# A 23
7517.0   1.98   0.08   1.44    0.05
7534.0   2.06   0.08   1.48    0.05
7535.0   2.10   0.08   1.50    0.05
7560.0   1.79   0.07   1.63    0.06
7573.0   1.70   0.07   1.60    0.06
7582.0   1.56   0.06   1.44    0.05
7589.0   1.83   0.07   1.42    0.05
7590.0   1.87   0.07   1.41    0.05
7600.0   2.00   0.08   1.23    0.04
7606.0   2.09   0.08   1.39    0.05
7618.0   2.30   0.09   1.46    0.05
7627.0   2.40   0.10   1.66    0.06
7642.0   2.50   0.10   1.74    0.06
7649.0   2.36   0.09   1.77    0.06
7653.0   2.36   0.09   1.80    0.06
7654.0   2.35   0.09   1.74    0.06
7655.0   2.32   0.09   1.78    0.06
7657.0   2.28   0.09   1.79    0.06
7678.0   1.98   0.08   1.67    0.06
7711.0   2.07   0.08   1.57    0.05
7719.0   2.03   0.08   1.56    0.05
7725.0   1.97   0.08   1.69    0.06
7778.0   2.02   0.08   1.42    0.05
# B 4
7573.0   2.73   0.11   1.59    0.06
7584.0   2.73   0.11   1.38    0.05
7644.0   3.45   0.14   1.70    0.06
7661.0   3.26   0.13   1.70    0.06
# C 3
7687.0   1.84   0.07   1.54    0.05
7742.0   1.24   0.05   1.53    0.05
7748.0   1.38   0.06   1.59    0.06
# D 3
7616.0   1.98   0.08   1.67    0.06
7675.0   1.54   0.06   1.96    0.07
7676.0   1.62   0.06   1.85    0.06
# E 11
7561.0   1.95   0.08   1.70    0.06
7564.0   1.92   0.08   1.64    0.06
7565.0   1.93   0.08   1.69    0.06
7567.0   1.89   0.08   1.61    0.06
7568.0   1.84   0.07   1.52    0.05
7572.0   1.72   0.07   1.59    0.06
7629.0   2.37   0.09   1.51    0.05
7650.0   2.36   0.09   1.87    0.07
7654.0   2.46   0.10   1.85    0.06
7681.0   1.94   0.08   1.67    0.06
7682.0   2.12   0.08   1.67    0.06
# F 29
7528.0   1.72   0.07   1.60    0.06
7533.0   1.78   0.07   1.64    0.06
7539.0   1.88   0.08   1.53    0.05
7543.0   1.85   0.07   1.53    0.05
7570.0   1.56   0.06   1.77    0.06
7571.0   1.59   0.06   1.64    0.06
7587.0   1.52   0.06   1.56    0.05
7591.0   1.53   0.06   1.48    0.05
7592.0   1.69   0.07   1.54    0.05
7593.0   1.51   0.06   1.53    0.05
7593.0   1.47   0.06   1.50    0.05
7598.0   1.67   0.07   1.49    0.05
7599.0   1.72   0.07   1.39    0.05
7615.0   1.90   0.08   1.48    0.05
7617.0   1.98   0.08   1.63    0.06
7618.0   2.04   0.08   1.63    0.06
7620.0   2.09   0.08   1.62    0.06
7621.0   2.10   0.08   1.54    0.05
7623.0   2.03   0.08   1.79    0.06
7624.0   2.21   0.09   1.61    0.06
7626.0   2.08   0.08   1.65    0.06
7627.0   2.14   0.09   1.58    0.06
7643.0   2.17   0.09   1.86    0.07
7644.0   2.20   0.09   1.86    0.07
7650.0   2.18   0.09   1.91    0.07
7654.0   2.02   0.08   1.84    0.06
7656.0   2.07   0.08   1.95    0.07
7673.0   1.78   0.07   1.87    0.07
7674.0   1.76   0.07   1.89    0.07
# G 1
7665.0   2.22   0.09   1.70    0.06
# H1 11
7509.0   1.92   0.08   1.35    0.05
7530.0   1.97   0.08   1.45    0.05
7556.0   2.21   0.09   1.55    0.05
7614.0   2.31   0.09   1.54    0.05
7628.0   2.54   0.10   1.56    0.05
7643.0   2.34   0.09   1.73    0.06
7658.0   2.50   0.10   1.72    0.06
7716.0   2.00   0.08   1.53    0.05
7777.0   1.86   0.07   1.37    0.05
7797.0   2.21   0.09   1.53    0.05
7809.0   2.09   0.08   1.57    0.05
# H2 5
7556.0   1.86   0.07   1.65    0.06
7621.0   2.50   0.10   1.72    0.06
7628.0   2.23   0.09   1.60    0.06
7658.0   2.02   0.08   1.82    0.06
7736.0   1.25   0.05   1.54    0.05
# I 11
7524.0   2.11   0.08   1.64    0.06
7525.0   2.23   0.09   1.62    0.06
7574.0   1.89   0.08   1.57    0.05
7613.0   2.44   0.10   1.49    0.05
7645.0   2.46   0.10   1.84    0.06
7660.0   2.21   0.09   1.79    0.06
7703.0   1.96   0.08   1.64    0.06
7766.0   1.85   0.07   1.33    0.05
7767.0   1.85   0.07   1.31    0.05
7778.0   2.10   0.08   1.48    0.05
7779.0   2.10   0.08   1.46    0.05
# J 2
7592.0   1.96   0.08   1.23    0.04
7593.0   2.00   0.08   1.27    0.04
# K1 1
7600.0   1.90   0.08   1.30    0.05
# K2 7
7599.0   1.62   0.06   1.34    0.05
7601.0   1.60   0.06   1.28    0.04
7623.0   2.55   0.10   1.57    0.05
7624.0   2.40   0.10   1.65    0.06
7626.0   2.46   0.10   1.60    0.06
7702.0   1.61   0.06   1.52    0.05
7703.0   1.50   0.06   1.59    0.06
# L 6
7590.0   1.73   0.07   1.58    0.06
7678.0   1.88   0.08   1.68    0.06
7679.0   1.75   0.07   1.74    0.06
7680.0   1.60   0.06   1.94    0.07
7711.0   1.96   0.08   1.62    0.06
7741.0   1.10   0.04   1.55    0.05
# M 22
7512.0   1.70   0.07   1.42    0.05
7539.0   2.25   0.09   1.66    0.06
7546.0   2.55   0.10   1.56    0.05
7549.0   2.11   0.08   1.60    0.06
7560.0   1.96   0.08   1.51    0.05
7573.0   1.45   0.06   1.58    0.06
7574.0   1.63   0.07   1.49    0.05
7575.0   1.46   0.06   1.50    0.05
7576.0   1.44   0.06   1.47    0.05
7587.0   1.55   0.06   1.39    0.05
7589.0   1.44   0.06   1.36    0.05
7592.0   1.66   0.07   1.37    0.05
7594.0   1.64   0.07   1.21    0.04
7597.0   1.82   0.07   1.33    0.05
7601.0   1.81   0.07   1.30    0.05
7606.0   2.12   0.08   1.32    0.05
7644.0   2.43   0.10   1.56    0.05
7648.0   2.27   0.09   1.66    0.06
7652.0   2.06   0.08   1.77    0.06
7656.0   2.09   0.08   1.74    0.06
7663.0   2.06   0.08   1.82    0.06
7668.0   2.00   0.08   1.67    0.06
# N1 6
7699.0   2.55   0.10   1.55    0.05
7700.0   2.61   0.10   1.55    0.05
7701.0   2.64   0.11   1.57    0.05
7728.0   2.29   0.09   1.60    0.06
7730.0   2.47   0.10   1.55    0.05
7766.0   2.01   0.08   1.44    0.05
# N2 2
7583.0   1.82   0.07   1.43    0.05
7631.0   2.84   0.11   1.66    0.06
# O 1
7710.0   1.63   0.07   1.41    0.05
# P 3
7631.0   2.66   0.11   1.51    0.05
7632.0   2.50   0.10   1.48    0.05
7649.0   2.43   0.10   1.49    0.05
# Q 3
7620.0   2.10   0.08   1.43    0.05
7622.0   2.06   0.08   1.49    0.05
7655.0   2.00   0.08   1.80    0.06
154 20
